p cnf 625 5060
1 6 11 16 21 26 31 36 41 46 51 56 61 66 71 76 81 86 91 96 101 106 111 116 121 126 131 136 141 146 151 156 161 166 171 176 181 186 191 196 201 206 211 216 221 226 231 236 241 246 251 256 261 266 271 276 281 286 291 296 301 306 311 316 321 326 331 336 341 346 351 356 361 366 371 376 381 386 391 396 401 406 411 416 421 426 431 436 441 446 451 456 461 466 471 476 481 486 491 496 501 506 511 516 521 526 531 536 541 546 551 556 561 566 571 576 581 586 591 596 601 606 611 616 621 0
2 7 12 17 22 27 32 37 42 47 52 57 62 67 72 77 82 87 92 97 102 107 112 117 122 127 132 137 142 147 152 157 162 167 172 177 182 187 192 197 202 207 212 217 222 227 232 237 242 247 252 257 262 267 272 277 282 287 292 297 302 307 312 317 322 327 332 337 342 347 352 357 362 367 372 377 382 387 392 397 402 407 412 417 422 427 432 437 442 447 452 457 462 467 472 477 482 487 492 497 502 507 512 517 522 527 532 537 542 547 552 557 562 567 572 577 582 587 592 597 602 607 612 617 622 0
3 8 13 18 23 28 33 38 43 48 53 58 63 68 73 78 83 88 93 98 103 108 113 118 123 128 133 138 143 148 153 158 163 168 173 178 183 188 193 198 203 208 213 218 223 228 233 238 243 248 253 258 263 268 273 278 283 288 293 298 303 308 313 318 323 328 333 338 343 348 353 358 363 368 373 378 383 388 393 398 403 408 413 418 423 428 433 438 443 448 453 458 463 468 473 478 483 488 493 498 503 508 513 518 523 528 533 538 543 548 553 558 563 568 573 578 583 588 593 598 603 608 613 618 623 0
4 9 14 19 24 29 34 39 44 49 54 59 64 69 74 79 84 89 94 99 104 109 114 119 124 129 134 139 144 149 154 159 164 169 174 179 184 189 194 199 204 209 214 219 224 229 234 239 244 249 254 259 264 269 274 279 284 289 294 299 304 309 314 319 324 329 334 339 344 349 354 359 364 369 374 379 384 389 394 399 404 409 414 419 424 429 434 439 444 449 454 459 464 469 474 479 484 489 494 499 504 509 514 519 524 529 534 539 544 549 554 559 564 569 574 579 584 589 594 599 604 609 614 619 624 0
5 10 15 20 25 30 35 40 45 50 55 60 65 70 75 80 85 90 95 100 105 110 115 120 125 130 135 140 145 150 155 160 165 170 175 180 185 190 195 200 205 210 215 220 225 230 235 240 245 250 255 260 265 270 275 280 285 290 295 300 305 310 315 320 325 330 335 340 345 350 355 360 365 370 375 380 385 390 395 400 405 410 415 420 425 430 435 440 445 450 455 460 465 470 475 480 485 490 495 500 505 510 515 520 525 530 535 540 545 550 555 560 565 570 575 580 585 590 595 600 605 610 615 620 625 0
1 2 3 4 5 0
6 7 8 9 10 0
11 12 13 14 15 0
16 17 18 19 20 0
21 22 23 24 25 0
26 27 28 29 30 0
31 32 33 34 35 0
36 37 38 39 40 0
41 42 43 44 45 0
46 47 48 49 50 0
51 52 53 54 55 0
56 57 58 59 60 0
61 62 63 64 65 0
66 67 68 69 70 0
71 72 73 74 75 0
76 77 78 79 80 0
81 82 83 84 85 0
86 87 88 89 90 0
91 92 93 94 95 0
96 97 98 99 100 0
101 102 103 104 105 0
106 107 108 109 110 0
111 112 113 114 115 0
116 117 118 119 120 0
121 122 123 124 125 0
126 127 128 129 130 0
131 132 133 134 135 0
136 137 138 139 140 0
141 142 143 144 145 0
146 147 148 149 150 0
151 152 153 154 155 0
156 157 158 159 160 0
161 162 163 164 165 0
166 167 168 169 170 0
171 172 173 174 175 0
176 177 178 179 180 0
181 182 183 184 185 0
186 187 188 189 190 0
191 192 193 194 195 0
196 197 198 199 200 0
201 202 203 204 205 0
206 207 208 209 210 0
211 212 213 214 215 0
216 217 218 219 220 0
221 222 223 224 225 0
226 227 228 229 230 0
231 232 233 234 235 0
236 237 238 239 240 0
241 242 243 244 245 0
246 247 248 249 250 0
251 252 253 254 255 0
256 257 258 259 260 0
261 262 263 264 265 0
266 267 268 269 270 0
271 272 273 274 275 0
276 277 278 279 280 0
281 282 283 284 285 0
286 287 288 289 290 0
291 292 293 294 295 0
296 297 298 299 300 0
301 302 303 304 305 0
306 307 308 309 310 0
311 312 313 314 315 0
316 317 318 319 320 0
321 322 323 324 325 0
326 327 328 329 330 0
331 332 333 334 335 0
336 337 338 339 340 0
341 342 343 344 345 0
346 347 348 349 350 0
351 352 353 354 355 0
356 357 358 359 360 0
361 362 363 364 365 0
366 367 368 369 370 0
371 372 373 374 375 0
376 377 378 379 380 0
381 382 383 384 385 0
386 387 388 389 390 0
391 392 393 394 395 0
396 397 398 399 400 0
401 402 403 404 405 0
406 407 408 409 410 0
411 412 413 414 415 0
416 417 418 419 420 0
421 422 423 424 425 0
426 427 428 429 430 0
431 432 433 434 435 0
436 437 438 439 440 0
441 442 443 444 445 0
446 447 448 449 450 0
451 452 453 454 455 0
456 457 458 459 460 0
461 462 463 464 465 0
466 467 468 469 470 0
471 472 473 474 475 0
476 477 478 479 480 0
481 482 483 484 485 0
486 487 488 489 490 0
491 492 493 494 495 0
496 497 498 499 500 0
501 502 503 504 505 0
506 507 508 509 510 0
511 512 513 514 515 0
516 517 518 519 520 0
521 522 523 524 525 0
526 527 528 529 530 0
531 532 533 534 535 0
536 537 538 539 540 0
541 542 543 544 545 0
546 547 548 549 550 0
551 552 553 554 555 0
556 557 558 559 560 0
561 562 563 564 565 0
566 567 568 569 570 0
571 572 573 574 575 0
576 577 578 579 580 0
581 582 583 584 585 0
586 587 588 589 590 0
591 592 593 594 595 0
596 597 598 599 600 0
601 602 603 604 605 0
606 607 608 609 610 0
611 612 613 614 615 0
616 617 618 619 620 0
621 622 623 624 625 0
-1 -2 0
-1 -3 0
-1 -4 0
-1 -5 0
-2 -3 0
-2 -4 0
-2 -5 0
-3 -4 0
-3 -5 0
-4 -5 0
-6 -7 0
-6 -8 0
-6 -9 0
-6 -10 0
-7 -8 0
-7 -9 0
-7 -10 0
-8 -9 0
-8 -10 0
-9 -10 0
-11 -12 0
-11 -13 0
-11 -14 0
-11 -15 0
-12 -13 0
-12 -14 0
-12 -15 0
-13 -14 0
-13 -15 0
-14 -15 0
-16 -17 0
-16 -18 0
-16 -19 0
-16 -20 0
-17 -18 0
-17 -19 0
-17 -20 0
-18 -19 0
-18 -20 0
-19 -20 0
-21 -22 0
-21 -23 0
-21 -24 0
-21 -25 0
-22 -23 0
-22 -24 0
-22 -25 0
-23 -24 0
-23 -25 0
-24 -25 0
-26 -27 0
-26 -28 0
-26 -29 0
-26 -30 0
-27 -28 0
-27 -29 0
-27 -30 0
-28 -29 0
-28 -30 0
-29 -30 0
-31 -32 0
-31 -33 0
-31 -34 0
-31 -35 0
-32 -33 0
-32 -34 0
-32 -35 0
-33 -34 0
-33 -35 0
-34 -35 0
-36 -37 0
-36 -38 0
-36 -39 0
-36 -40 0
-37 -38 0
-37 -39 0
-37 -40 0
-38 -39 0
-38 -40 0
-39 -40 0
-41 -42 0
-41 -43 0
-41 -44 0
-41 -45 0
-42 -43 0
-42 -44 0
-42 -45 0
-43 -44 0
-43 -45 0
-44 -45 0
-46 -47 0
-46 -48 0
-46 -49 0
-46 -50 0
-47 -48 0
-47 -49 0
-47 -50 0
-48 -49 0
-48 -50 0
-49 -50 0
-51 -52 0
-51 -53 0
-51 -54 0
-51 -55 0
-52 -53 0
-52 -54 0
-52 -55 0
-53 -54 0
-53 -55 0
-54 -55 0
-56 -57 0
-56 -58 0
-56 -59 0
-56 -60 0
-57 -58 0
-57 -59 0
-57 -60 0
-58 -59 0
-58 -60 0
-59 -60 0
-61 -62 0
-61 -63 0
-61 -64 0
-61 -65 0
-62 -63 0
-62 -64 0
-62 -65 0
-63 -64 0
-63 -65 0
-64 -65 0
-66 -67 0
-66 -68 0
-66 -69 0
-66 -70 0
-67 -68 0
-67 -69 0
-67 -70 0
-68 -69 0
-68 -70 0
-69 -70 0
-71 -72 0
-71 -73 0
-71 -74 0
-71 -75 0
-72 -73 0
-72 -74 0
-72 -75 0
-73 -74 0
-73 -75 0
-74 -75 0
-76 -77 0
-76 -78 0
-76 -79 0
-76 -80 0
-77 -78 0
-77 -79 0
-77 -80 0
-78 -79 0
-78 -80 0
-79 -80 0
-81 -82 0
-81 -83 0
-81 -84 0
-81 -85 0
-82 -83 0
-82 -84 0
-82 -85 0
-83 -84 0
-83 -85 0
-84 -85 0
-86 -87 0
-86 -88 0
-86 -89 0
-86 -90 0
-87 -88 0
-87 -89 0
-87 -90 0
-88 -89 0
-88 -90 0
-89 -90 0
-91 -92 0
-91 -93 0
-91 -94 0
-91 -95 0
-92 -93 0
-92 -94 0
-92 -95 0
-93 -94 0
-93 -95 0
-94 -95 0
-96 -97 0
-96 -98 0
-96 -99 0
-96 -100 0
-97 -98 0
-97 -99 0
-97 -100 0
-98 -99 0
-98 -100 0
-99 -100 0
-101 -102 0
-101 -103 0
-101 -104 0
-101 -105 0
-102 -103 0
-102 -104 0
-102 -105 0
-103 -104 0
-103 -105 0
-104 -105 0
-106 -107 0
-106 -108 0
-106 -109 0
-106 -110 0
-107 -108 0
-107 -109 0
-107 -110 0
-108 -109 0
-108 -110 0
-109 -110 0
-111 -112 0
-111 -113 0
-111 -114 0
-111 -115 0
-112 -113 0
-112 -114 0
-112 -115 0
-113 -114 0
-113 -115 0
-114 -115 0
-116 -117 0
-116 -118 0
-116 -119 0
-116 -120 0
-117 -118 0
-117 -119 0
-117 -120 0
-118 -119 0
-118 -120 0
-119 -120 0
-121 -122 0
-121 -123 0
-121 -124 0
-121 -125 0
-122 -123 0
-122 -124 0
-122 -125 0
-123 -124 0
-123 -125 0
-124 -125 0
-126 -127 0
-126 -128 0
-126 -129 0
-126 -130 0
-127 -128 0
-127 -129 0
-127 -130 0
-128 -129 0
-128 -130 0
-129 -130 0
-131 -132 0
-131 -133 0
-131 -134 0
-131 -135 0
-132 -133 0
-132 -134 0
-132 -135 0
-133 -134 0
-133 -135 0
-134 -135 0
-136 -137 0
-136 -138 0
-136 -139 0
-136 -140 0
-137 -138 0
-137 -139 0
-137 -140 0
-138 -139 0
-138 -140 0
-139 -140 0
-141 -142 0
-141 -143 0
-141 -144 0
-141 -145 0
-142 -143 0
-142 -144 0
-142 -145 0
-143 -144 0
-143 -145 0
-144 -145 0
-146 -147 0
-146 -148 0
-146 -149 0
-146 -150 0
-147 -148 0
-147 -149 0
-147 -150 0
-148 -149 0
-148 -150 0
-149 -150 0
-151 -152 0
-151 -153 0
-151 -154 0
-151 -155 0
-152 -153 0
-152 -154 0
-152 -155 0
-153 -154 0
-153 -155 0
-154 -155 0
-156 -157 0
-156 -158 0
-156 -159 0
-156 -160 0
-157 -158 0
-157 -159 0
-157 -160 0
-158 -159 0
-158 -160 0
-159 -160 0
-161 -162 0
-161 -163 0
-161 -164 0
-161 -165 0
-162 -163 0
-162 -164 0
-162 -165 0
-163 -164 0
-163 -165 0
-164 -165 0
-166 -167 0
-166 -168 0
-166 -169 0
-166 -170 0
-167 -168 0
-167 -169 0
-167 -170 0
-168 -169 0
-168 -170 0
-169 -170 0
-171 -172 0
-171 -173 0
-171 -174 0
-171 -175 0
-172 -173 0
-172 -174 0
-172 -175 0
-173 -174 0
-173 -175 0
-174 -175 0
-176 -177 0
-176 -178 0
-176 -179 0
-176 -180 0
-177 -178 0
-177 -179 0
-177 -180 0
-178 -179 0
-178 -180 0
-179 -180 0
-181 -182 0
-181 -183 0
-181 -184 0
-181 -185 0
-182 -183 0
-182 -184 0
-182 -185 0
-183 -184 0
-183 -185 0
-184 -185 0
-186 -187 0
-186 -188 0
-186 -189 0
-186 -190 0
-187 -188 0
-187 -189 0
-187 -190 0
-188 -189 0
-188 -190 0
-189 -190 0
-191 -192 0
-191 -193 0
-191 -194 0
-191 -195 0
-192 -193 0
-192 -194 0
-192 -195 0
-193 -194 0
-193 -195 0
-194 -195 0
-196 -197 0
-196 -198 0
-196 -199 0
-196 -200 0
-197 -198 0
-197 -199 0
-197 -200 0
-198 -199 0
-198 -200 0
-199 -200 0
-201 -202 0
-201 -203 0
-201 -204 0
-201 -205 0
-202 -203 0
-202 -204 0
-202 -205 0
-203 -204 0
-203 -205 0
-204 -205 0
-206 -207 0
-206 -208 0
-206 -209 0
-206 -210 0
-207 -208 0
-207 -209 0
-207 -210 0
-208 -209 0
-208 -210 0
-209 -210 0
-211 -212 0
-211 -213 0
-211 -214 0
-211 -215 0
-212 -213 0
-212 -214 0
-212 -215 0
-213 -214 0
-213 -215 0
-214 -215 0
-216 -217 0
-216 -218 0
-216 -219 0
-216 -220 0
-217 -218 0
-217 -219 0
-217 -220 0
-218 -219 0
-218 -220 0
-219 -220 0
-221 -222 0
-221 -223 0
-221 -224 0
-221 -225 0
-222 -223 0
-222 -224 0
-222 -225 0
-223 -224 0
-223 -225 0
-224 -225 0
-226 -227 0
-226 -228 0
-226 -229 0
-226 -230 0
-227 -228 0
-227 -229 0
-227 -230 0
-228 -229 0
-228 -230 0
-229 -230 0
-231 -232 0
-231 -233 0
-231 -234 0
-231 -235 0
-232 -233 0
-232 -234 0
-232 -235 0
-233 -234 0
-233 -235 0
-234 -235 0
-236 -237 0
-236 -238 0
-236 -239 0
-236 -240 0
-237 -238 0
-237 -239 0
-237 -240 0
-238 -239 0
-238 -240 0
-239 -240 0
-241 -242 0
-241 -243 0
-241 -244 0
-241 -245 0
-242 -243 0
-242 -244 0
-242 -245 0
-243 -244 0
-243 -245 0
-244 -245 0
-246 -247 0
-246 -248 0
-246 -249 0
-246 -250 0
-247 -248 0
-247 -249 0
-247 -250 0
-248 -249 0
-248 -250 0
-249 -250 0
-251 -252 0
-251 -253 0
-251 -254 0
-251 -255 0
-252 -253 0
-252 -254 0
-252 -255 0
-253 -254 0
-253 -255 0
-254 -255 0
-256 -257 0
-256 -258 0
-256 -259 0
-256 -260 0
-257 -258 0
-257 -259 0
-257 -260 0
-258 -259 0
-258 -260 0
-259 -260 0
-261 -262 0
-261 -263 0
-261 -264 0
-261 -265 0
-262 -263 0
-262 -264 0
-262 -265 0
-263 -264 0
-263 -265 0
-264 -265 0
-266 -267 0
-266 -268 0
-266 -269 0
-266 -270 0
-267 -268 0
-267 -269 0
-267 -270 0
-268 -269 0
-268 -270 0
-269 -270 0
-271 -272 0
-271 -273 0
-271 -274 0
-271 -275 0
-272 -273 0
-272 -274 0
-272 -275 0
-273 -274 0
-273 -275 0
-274 -275 0
-276 -277 0
-276 -278 0
-276 -279 0
-276 -280 0
-277 -278 0
-277 -279 0
-277 -280 0
-278 -279 0
-278 -280 0
-279 -280 0
-281 -282 0
-281 -283 0
-281 -284 0
-281 -285 0
-282 -283 0
-282 -284 0
-282 -285 0
-283 -284 0
-283 -285 0
-284 -285 0
-286 -287 0
-286 -288 0
-286 -289 0
-286 -290 0
-287 -288 0
-287 -289 0
-287 -290 0
-288 -289 0
-288 -290 0
-289 -290 0
-291 -292 0
-291 -293 0
-291 -294 0
-291 -295 0
-292 -293 0
-292 -294 0
-292 -295 0
-293 -294 0
-293 -295 0
-294 -295 0
-296 -297 0
-296 -298 0
-296 -299 0
-296 -300 0
-297 -298 0
-297 -299 0
-297 -300 0
-298 -299 0
-298 -300 0
-299 -300 0
-301 -302 0
-301 -303 0
-301 -304 0
-301 -305 0
-302 -303 0
-302 -304 0
-302 -305 0
-303 -304 0
-303 -305 0
-304 -305 0
-306 -307 0
-306 -308 0
-306 -309 0
-306 -310 0
-307 -308 0
-307 -309 0
-307 -310 0
-308 -309 0
-308 -310 0
-309 -310 0
-311 -312 0
-311 -313 0
-311 -314 0
-311 -315 0
-312 -313 0
-312 -314 0
-312 -315 0
-313 -314 0
-313 -315 0
-314 -315 0
-316 -317 0
-316 -318 0
-316 -319 0
-316 -320 0
-317 -318 0
-317 -319 0
-317 -320 0
-318 -319 0
-318 -320 0
-319 -320 0
-321 -322 0
-321 -323 0
-321 -324 0
-321 -325 0
-322 -323 0
-322 -324 0
-322 -325 0
-323 -324 0
-323 -325 0
-324 -325 0
-326 -327 0
-326 -328 0
-326 -329 0
-326 -330 0
-327 -328 0
-327 -329 0
-327 -330 0
-328 -329 0
-328 -330 0
-329 -330 0
-331 -332 0
-331 -333 0
-331 -334 0
-331 -335 0
-332 -333 0
-332 -334 0
-332 -335 0
-333 -334 0
-333 -335 0
-334 -335 0
-336 -337 0
-336 -338 0
-336 -339 0
-336 -340 0
-337 -338 0
-337 -339 0
-337 -340 0
-338 -339 0
-338 -340 0
-339 -340 0
-341 -342 0
-341 -343 0
-341 -344 0
-341 -345 0
-342 -343 0
-342 -344 0
-342 -345 0
-343 -344 0
-343 -345 0
-344 -345 0
-346 -347 0
-346 -348 0
-346 -349 0
-346 -350 0
-347 -348 0
-347 -349 0
-347 -350 0
-348 -349 0
-348 -350 0
-349 -350 0
-351 -352 0
-351 -353 0
-351 -354 0
-351 -355 0
-352 -353 0
-352 -354 0
-352 -355 0
-353 -354 0
-353 -355 0
-354 -355 0
-356 -357 0
-356 -358 0
-356 -359 0
-356 -360 0
-357 -358 0
-357 -359 0
-357 -360 0
-358 -359 0
-358 -360 0
-359 -360 0
-361 -362 0
-361 -363 0
-361 -364 0
-361 -365 0
-362 -363 0
-362 -364 0
-362 -365 0
-363 -364 0
-363 -365 0
-364 -365 0
-366 -367 0
-366 -368 0
-366 -369 0
-366 -370 0
-367 -368 0
-367 -369 0
-367 -370 0
-368 -369 0
-368 -370 0
-369 -370 0
-371 -372 0
-371 -373 0
-371 -374 0
-371 -375 0
-372 -373 0
-372 -374 0
-372 -375 0
-373 -374 0
-373 -375 0
-374 -375 0
-376 -377 0
-376 -378 0
-376 -379 0
-376 -380 0
-377 -378 0
-377 -379 0
-377 -380 0
-378 -379 0
-378 -380 0
-379 -380 0
-381 -382 0
-381 -383 0
-381 -384 0
-381 -385 0
-382 -383 0
-382 -384 0
-382 -385 0
-383 -384 0
-383 -385 0
-384 -385 0
-386 -387 0
-386 -388 0
-386 -389 0
-386 -390 0
-387 -388 0
-387 -389 0
-387 -390 0
-388 -389 0
-388 -390 0
-389 -390 0
-391 -392 0
-391 -393 0
-391 -394 0
-391 -395 0
-392 -393 0
-392 -394 0
-392 -395 0
-393 -394 0
-393 -395 0
-394 -395 0
-396 -397 0
-396 -398 0
-396 -399 0
-396 -400 0
-397 -398 0
-397 -399 0
-397 -400 0
-398 -399 0
-398 -400 0
-399 -400 0
-401 -402 0
-401 -403 0
-401 -404 0
-401 -405 0
-402 -403 0
-402 -404 0
-402 -405 0
-403 -404 0
-403 -405 0
-404 -405 0
-406 -407 0
-406 -408 0
-406 -409 0
-406 -410 0
-407 -408 0
-407 -409 0
-407 -410 0
-408 -409 0
-408 -410 0
-409 -410 0
-411 -412 0
-411 -413 0
-411 -414 0
-411 -415 0
-412 -413 0
-412 -414 0
-412 -415 0
-413 -414 0
-413 -415 0
-414 -415 0
-416 -417 0
-416 -418 0
-416 -419 0
-416 -420 0
-417 -418 0
-417 -419 0
-417 -420 0
-418 -419 0
-418 -420 0
-419 -420 0
-421 -422 0
-421 -423 0
-421 -424 0
-421 -425 0
-422 -423 0
-422 -424 0
-422 -425 0
-423 -424 0
-423 -425 0
-424 -425 0
-426 -427 0
-426 -428 0
-426 -429 0
-426 -430 0
-427 -428 0
-427 -429 0
-427 -430 0
-428 -429 0
-428 -430 0
-429 -430 0
-431 -432 0
-431 -433 0
-431 -434 0
-431 -435 0
-432 -433 0
-432 -434 0
-432 -435 0
-433 -434 0
-433 -435 0
-434 -435 0
-436 -437 0
-436 -438 0
-436 -439 0
-436 -440 0
-437 -438 0
-437 -439 0
-437 -440 0
-438 -439 0
-438 -440 0
-439 -440 0
-441 -442 0
-441 -443 0
-441 -444 0
-441 -445 0
-442 -443 0
-442 -444 0
-442 -445 0
-443 -444 0
-443 -445 0
-444 -445 0
-446 -447 0
-446 -448 0
-446 -449 0
-446 -450 0
-447 -448 0
-447 -449 0
-447 -450 0
-448 -449 0
-448 -450 0
-449 -450 0
-451 -452 0
-451 -453 0
-451 -454 0
-451 -455 0
-452 -453 0
-452 -454 0
-452 -455 0
-453 -454 0
-453 -455 0
-454 -455 0
-456 -457 0
-456 -458 0
-456 -459 0
-456 -460 0
-457 -458 0
-457 -459 0
-457 -460 0
-458 -459 0
-458 -460 0
-459 -460 0
-461 -462 0
-461 -463 0
-461 -464 0
-461 -465 0
-462 -463 0
-462 -464 0
-462 -465 0
-463 -464 0
-463 -465 0
-464 -465 0
-466 -467 0
-466 -468 0
-466 -469 0
-466 -470 0
-467 -468 0
-467 -469 0
-467 -470 0
-468 -469 0
-468 -470 0
-469 -470 0
-471 -472 0
-471 -473 0
-471 -474 0
-471 -475 0
-472 -473 0
-472 -474 0
-472 -475 0
-473 -474 0
-473 -475 0
-474 -475 0
-476 -477 0
-476 -478 0
-476 -479 0
-476 -480 0
-477 -478 0
-477 -479 0
-477 -480 0
-478 -479 0
-478 -480 0
-479 -480 0
-481 -482 0
-481 -483 0
-481 -484 0
-481 -485 0
-482 -483 0
-482 -484 0
-482 -485 0
-483 -484 0
-483 -485 0
-484 -485 0
-486 -487 0
-486 -488 0
-486 -489 0
-486 -490 0
-487 -488 0
-487 -489 0
-487 -490 0
-488 -489 0
-488 -490 0
-489 -490 0
-491 -492 0
-491 -493 0
-491 -494 0
-491 -495 0
-492 -493 0
-492 -494 0
-492 -495 0
-493 -494 0
-493 -495 0
-494 -495 0
-496 -497 0
-496 -498 0
-496 -499 0
-496 -500 0
-497 -498 0
-497 -499 0
-497 -500 0
-498 -499 0
-498 -500 0
-499 -500 0
-501 -502 0
-501 -503 0
-501 -504 0
-501 -505 0
-502 -503 0
-502 -504 0
-502 -505 0
-503 -504 0
-503 -505 0
-504 -505 0
-506 -507 0
-506 -508 0
-506 -509 0
-506 -510 0
-507 -508 0
-507 -509 0
-507 -510 0
-508 -509 0
-508 -510 0
-509 -510 0
-511 -512 0
-511 -513 0
-511 -514 0
-511 -515 0
-512 -513 0
-512 -514 0
-512 -515 0
-513 -514 0
-513 -515 0
-514 -515 0
-516 -517 0
-516 -518 0
-516 -519 0
-516 -520 0
-517 -518 0
-517 -519 0
-517 -520 0
-518 -519 0
-518 -520 0
-519 -520 0
-521 -522 0
-521 -523 0
-521 -524 0
-521 -525 0
-522 -523 0
-522 -524 0
-522 -525 0
-523 -524 0
-523 -525 0
-524 -525 0
-526 -527 0
-526 -528 0
-526 -529 0
-526 -530 0
-527 -528 0
-527 -529 0
-527 -530 0
-528 -529 0
-528 -530 0
-529 -530 0
-531 -532 0
-531 -533 0
-531 -534 0
-531 -535 0
-532 -533 0
-532 -534 0
-532 -535 0
-533 -534 0
-533 -535 0
-534 -535 0
-536 -537 0
-536 -538 0
-536 -539 0
-536 -540 0
-537 -538 0
-537 -539 0
-537 -540 0
-538 -539 0
-538 -540 0
-539 -540 0
-541 -542 0
-541 -543 0
-541 -544 0
-541 -545 0
-542 -543 0
-542 -544 0
-542 -545 0
-543 -544 0
-543 -545 0
-544 -545 0
-546 -547 0
-546 -548 0
-546 -549 0
-546 -550 0
-547 -548 0
-547 -549 0
-547 -550 0
-548 -549 0
-548 -550 0
-549 -550 0
-551 -552 0
-551 -553 0
-551 -554 0
-551 -555 0
-552 -553 0
-552 -554 0
-552 -555 0
-553 -554 0
-553 -555 0
-554 -555 0
-556 -557 0
-556 -558 0
-556 -559 0
-556 -560 0
-557 -558 0
-557 -559 0
-557 -560 0
-558 -559 0
-558 -560 0
-559 -560 0
-561 -562 0
-561 -563 0
-561 -564 0
-561 -565 0
-562 -563 0
-562 -564 0
-562 -565 0
-563 -564 0
-563 -565 0
-564 -565 0
-566 -567 0
-566 -568 0
-566 -569 0
-566 -570 0
-567 -568 0
-567 -569 0
-567 -570 0
-568 -569 0
-568 -570 0
-569 -570 0
-571 -572 0
-571 -573 0
-571 -574 0
-571 -575 0
-572 -573 0
-572 -574 0
-572 -575 0
-573 -574 0
-573 -575 0
-574 -575 0
-576 -577 0
-576 -578 0
-576 -579 0
-576 -580 0
-577 -578 0
-577 -579 0
-577 -580 0
-578 -579 0
-578 -580 0
-579 -580 0
-581 -582 0
-581 -583 0
-581 -584 0
-581 -585 0
-582 -583 0
-582 -584 0
-582 -585 0
-583 -584 0
-583 -585 0
-584 -585 0
-586 -587 0
-586 -588 0
-586 -589 0
-586 -590 0
-587 -588 0
-587 -589 0
-587 -590 0
-588 -589 0
-588 -590 0
-589 -590 0
-591 -592 0
-591 -593 0
-591 -594 0
-591 -595 0
-592 -593 0
-592 -594 0
-592 -595 0
-593 -594 0
-593 -595 0
-594 -595 0
-596 -597 0
-596 -598 0
-596 -599 0
-596 -600 0
-597 -598 0
-597 -599 0
-597 -600 0
-598 -599 0
-598 -600 0
-599 -600 0
-601 -602 0
-601 -603 0
-601 -604 0
-601 -605 0
-602 -603 0
-602 -604 0
-602 -605 0
-603 -604 0
-603 -605 0
-604 -605 0
-606 -607 0
-606 -608 0
-606 -609 0
-606 -610 0
-607 -608 0
-607 -609 0
-607 -610 0
-608 -609 0
-608 -610 0
-609 -610 0
-611 -612 0
-611 -613 0
-611 -614 0
-611 -615 0
-612 -613 0
-612 -614 0
-612 -615 0
-613 -614 0
-613 -615 0
-614 -615 0
-616 -617 0
-616 -618 0
-616 -619 0
-616 -620 0
-617 -618 0
-617 -619 0
-617 -620 0
-618 -619 0
-618 -620 0
-619 -620 0
-621 -622 0
-621 -623 0
-621 -624 0
-621 -625 0
-622 -623 0
-622 -624 0
-622 -625 0
-623 -624 0
-623 -625 0
-624 -625 0
-21 -1 0
-22 -2 0
-23 -3 0
-24 -4 0
-25 -5 0
-26 -6 0
-27 -7 0
-28 -8 0
-29 -9 0
-30 -10 0
-36 -16 0
-37 -17 0
-38 -18 0
-39 -19 0
-40 -20 0
-41 -16 0
-42 -17 0
-43 -18 0
-44 -19 0
-45 -20 0
-41 -26 0
-42 -27 0
-43 -28 0
-44 -29 0
-45 -30 0
-51 -6 0
-52 -7 0
-53 -8 0
-54 -9 0
-55 -10 0
-61 -21 0
-62 -22 0
-63 -23 0
-64 -24 0
-65 -25 0
-66 -31 0
-67 -32 0
-68 -33 0
-69 -34 0
-70 -35 0
-66 -41 0
-67 -42 0
-68 -43 0
-69 -44 0
-70 -45 0
-66 -61 0
-67 -62 0
-68 -63 0
-69 -64 0
-70 -65 0
-71 -36 0
-72 -37 0
-73 -38 0
-74 -39 0
-75 -40 0
-76 -46 0
-77 -47 0
-78 -48 0
-79 -49 0
-80 -50 0
-76 -56 0
-77 -57 0
-78 -58 0
-79 -59 0
-80 -60 0
-81 -6 0
-82 -7 0
-83 -8 0
-84 -9 0
-85 -10 0
-86 -56 0
-87 -57 0
-88 -58 0
-89 -59 0
-90 -60 0
-91 -21 0
-92 -22 0
-93 -23 0
-94 -24 0
-95 -25 0
-91 -36 0
-92 -37 0
-93 -38 0
-94 -39 0
-95 -40 0
-91 -51 0
-92 -52 0
-93 -53 0
-94 -54 0
-95 -55 0
-101 -31 0
-102 -32 0
-103 -33 0
-104 -34 0
-105 -35 0
-101 -36 0
-102 -37 0
-103 -38 0
-104 -39 0
-105 -40 0
-106 -81 0
-107 -82 0
-108 -83 0
-109 -84 0
-110 -85 0
-111 -61 0
-112 -62 0
-113 -63 0
-114 -64 0
-115 -65 0
-116 -101 0
-117 -102 0
-118 -103 0
-119 -104 0
-120 -105 0
-121 -11 0
-122 -12 0
-123 -13 0
-124 -14 0
-125 -15 0
-121 -46 0
-122 -47 0
-123 -48 0
-124 -49 0
-125 -50 0
-131 -6 0
-132 -7 0
-133 -8 0
-134 -9 0
-135 -10 0
-131 -26 0
-132 -27 0
-133 -28 0
-134 -29 0
-135 -30 0
-136 -41 0
-137 -42 0
-138 -43 0
-139 -44 0
-140 -45 0
-136 -81 0
-137 -82 0
-138 -83 0
-139 -84 0
-140 -85 0
-136 -91 0
-137 -92 0
-138 -93 0
-139 -94 0
-140 -95 0
-141 -1 0
-142 -2 0
-143 -3 0
-144 -4 0
-145 -5 0
-141 -116 0
-142 -117 0
-143 -118 0
-144 -119 0
-145 -120 0
-146 -21 0
-147 -22 0
-148 -23 0
-149 -24 0
-150 -25 0
-146 -71 0
-147 -72 0
-148 -73 0
-149 -74 0
-150 -75 0
-146 -136 0
-147 -137 0
-148 -138 0
-149 -139 0
-150 -140 0
-151 -46 0
-152 -47 0
-153 -48 0
-154 -49 0
-155 -50 0
-151 -131 0
-152 -132 0
-153 -133 0
-154 -134 0
-155 -135 0
-156 -6 0
-157 -7 0
-158 -8 0
-159 -9 0
-160 -10 0
-156 -51 0
-157 -52 0
-158 -53 0
-159 -54 0
-160 -55 0
-156 -86 0
-157 -87 0
-158 -88 0
-159 -89 0
-160 -90 0
-161 -46 0
-162 -47 0
-163 -48 0
-164 -49 0
-165 -50 0
-166 -56 0
-167 -57 0
-168 -58 0
-169 -59 0
-170 -60 0
-166 -156 0
-167 -157 0
-168 -158 0
-169 -159 0
-170 -160 0
-171 -11 0
-172 -12 0
-173 -13 0
-174 -14 0
-175 -15 0
-171 -21 0
-172 -22 0
-173 -23 0
-174 -24 0
-175 -25 0
-171 -56 0
-172 -57 0
-173 -58 0
-174 -59 0
-175 -60 0
-171 -71 0
-172 -72 0
-173 -73 0
-174 -74 0
-175 -75 0
-171 -76 0
-172 -77 0
-173 -78 0
-174 -79 0
-175 -80 0
-171 -116 0
-172 -117 0
-173 -118 0
-174 -119 0
-175 -120 0
-176 -96 0
-177 -97 0
-178 -98 0
-179 -99 0
-180 -100 0
-176 -131 0
-177 -132 0
-178 -133 0
-179 -134 0
-180 -135 0
-176 -171 0
-177 -172 0
-178 -173 0
-179 -174 0
-180 -175 0
-181 -61 0
-182 -62 0
-183 -63 0
-184 -64 0
-185 -65 0
-181 -106 0
-182 -107 0
-183 -108 0
-184 -109 0
-185 -110 0
-186 -11 0
-187 -12 0
-188 -13 0
-189 -14 0
-190 -15 0
-186 -16 0
-187 -17 0
-188 -18 0
-189 -19 0
-190 -20 0
-186 -26 0
-187 -27 0
-188 -28 0
-189 -29 0
-190 -30 0
-186 -81 0
-187 -82 0
-188 -83 0
-189 -84 0
-190 -85 0
-191 -126 0
-192 -127 0
-193 -128 0
-194 -129 0
-195 -130 0
-196 -6 0
-197 -7 0
-198 -8 0
-199 -9 0
-200 -10 0
-196 -181 0
-197 -182 0
-198 -183 0
-199 -184 0
-200 -185 0
-201 -11 0
-202 -12 0
-203 -13 0
-204 -14 0
-205 -15 0
-201 -31 0
-202 -32 0
-203 -33 0
-204 -34 0
-205 -35 0
-201 -76 0
-202 -77 0
-203 -78 0
-204 -79 0
-205 -80 0
-201 -106 0
-202 -107 0
-203 -108 0
-204 -109 0
-205 -110 0
-201 -171 0
-202 -172 0
-203 -173 0
-204 -174 0
-205 -175 0
-206 -26 0
-207 -27 0
-208 -28 0
-209 -29 0
-210 -30 0
-206 -31 0
-207 -32 0
-208 -33 0
-209 -34 0
-210 -35 0
-206 -36 0
-207 -37 0
-208 -38 0
-209 -39 0
-210 -40 0
-206 -56 0
-207 -57 0
-208 -58 0
-209 -59 0
-210 -60 0
-206 -91 0
-207 -92 0
-208 -93 0
-209 -94 0
-210 -95 0
-206 -121 0
-207 -122 0
-208 -123 0
-209 -124 0
-210 -125 0
-211 -141 0
-212 -142 0
-213 -143 0
-214 -144 0
-215 -145 0
-211 -161 0
-212 -162 0
-213 -163 0
-214 -164 0
-215 -165 0
-211 -171 0
-212 -172 0
-213 -173 0
-214 -174 0
-215 -175 0
-216 -1 0
-217 -2 0
-218 -3 0
-219 -4 0
-220 -5 0
-216 -166 0
-217 -167 0
-218 -168 0
-219 -169 0
-220 -170 0
-221 -76 0
-222 -77 0
-223 -78 0
-224 -79 0
-225 -80 0
-221 -116 0
-222 -117 0
-223 -118 0
-224 -119 0
-225 -120 0
-226 -6 0
-227 -7 0
-228 -8 0
-229 -9 0
-230 -10 0
-226 -46 0
-227 -47 0
-228 -48 0
-229 -49 0
-230 -50 0
-226 -56 0
-227 -57 0
-228 -58 0
-229 -59 0
-230 -60 0
-226 -61 0
-227 -62 0
-228 -63 0
-229 -64 0
-230 -65 0
-226 -121 0
-227 -122 0
-228 -123 0
-229 -124 0
-230 -125 0
-226 -126 0
-227 -127 0
-228 -128 0
-229 -129 0
-230 -130 0
-226 -176 0
-227 -177 0
-228 -178 0
-229 -179 0
-230 -180 0
-231 -56 0
-232 -57 0
-233 -58 0
-234 -59 0
-235 -60 0
-231 -96 0
-232 -97 0
-233 -98 0
-234 -99 0
-235 -100 0
-231 -146 0
-232 -147 0
-233 -148 0
-234 -149 0
-235 -150 0
-231 -176 0
-232 -177 0
-233 -178 0
-234 -179 0
-235 -180 0
-231 -226 0
-232 -227 0
-233 -228 0
-234 -229 0
-235 -230 0
-236 -91 0
-237 -92 0
-238 -93 0
-239 -94 0
-240 -95 0
-236 -116 0
-237 -117 0
-238 -118 0
-239 -119 0
-240 -120 0
-241 -41 0
-242 -42 0
-243 -43 0
-244 -44 0
-245 -45 0
-241 -181 0
-242 -182 0
-243 -183 0
-244 -184 0
-245 -185 0
-241 -211 0
-242 -212 0
-243 -213 0
-244 -214 0
-245 -215 0
-246 -106 0
-247 -107 0
-248 -108 0
-249 -109 0
-250 -110 0
-246 -111 0
-247 -112 0
-248 -113 0
-249 -114 0
-250 -115 0
-246 -116 0
-247 -117 0
-248 -118 0
-249 -119 0
-250 -120 0
-246 -156 0
-247 -157 0
-248 -158 0
-249 -159 0
-250 -160 0
-246 -201 0
-247 -202 0
-248 -203 0
-249 -204 0
-250 -205 0
-246 -231 0
-247 -232 0
-248 -233 0
-249 -234 0
-250 -235 0
-251 -31 0
-252 -32 0
-253 -33 0
-254 -34 0
-255 -35 0
-251 -81 0
-252 -82 0
-253 -83 0
-254 -84 0
-255 -85 0
-251 -131 0
-252 -132 0
-253 -133 0
-254 -134 0
-255 -135 0
-251 -171 0
-252 -172 0
-253 -173 0
-254 -174 0
-255 -175 0
-251 -201 0
-252 -202 0
-253 -203 0
-254 -204 0
-255 -205 0
-251 -206 0
-252 -207 0
-253 -208 0
-254 -209 0
-255 -210 0
-251 -236 0
-252 -237 0
-253 -238 0
-254 -239 0
-255 -240 0
-256 -41 0
-257 -42 0
-258 -43 0
-259 -44 0
-260 -45 0
-256 -56 0
-257 -57 0
-258 -58 0
-259 -59 0
-260 -60 0
-256 -66 0
-257 -67 0
-258 -68 0
-259 -69 0
-260 -70 0
-256 -81 0
-257 -82 0
-258 -83 0
-259 -84 0
-260 -85 0
-256 -136 0
-257 -137 0
-258 -138 0
-259 -139 0
-260 -140 0
-256 -236 0
-257 -237 0
-258 -238 0
-259 -239 0
-260 -240 0
-256 -241 0
-257 -242 0
-258 -243 0
-259 -244 0
-260 -245 0
-261 -1 0
-262 -2 0
-263 -3 0
-264 -4 0
-265 -5 0
-261 -136 0
-262 -137 0
-263 -138 0
-264 -139 0
-265 -140 0
-261 -146 0
-262 -147 0
-263 -148 0
-264 -149 0
-265 -150 0
-261 -216 0
-262 -217 0
-263 -218 0
-264 -219 0
-265 -220 0
-266 -106 0
-267 -107 0
-268 -108 0
-269 -109 0
-270 -110 0
-266 -141 0
-267 -142 0
-268 -143 0
-269 -144 0
-270 -145 0
-266 -236 0
-267 -237 0
-268 -238 0
-269 -239 0
-270 -240 0
-271 -71 0
-272 -72 0
-273 -73 0
-274 -74 0
-275 -75 0
-271 -121 0
-272 -122 0
-273 -123 0
-274 -124 0
-275 -125 0
-271 -211 0
-272 -212 0
-273 -213 0
-274 -214 0
-275 -215 0
-271 -241 0
-272 -242 0
-273 -243 0
-274 -244 0
-275 -245 0
-271 -246 0
-272 -247 0
-273 -248 0
-274 -249 0
-275 -250 0
-271 -266 0
-272 -267 0
-273 -268 0
-274 -269 0
-275 -270 0
-276 -11 0
-277 -12 0
-278 -13 0
-279 -14 0
-280 -15 0
-276 -26 0
-277 -27 0
-278 -28 0
-279 -29 0
-280 -30 0
-276 -171 0
-277 -172 0
-278 -173 0
-279 -174 0
-280 -175 0
-276 -186 0
-277 -187 0
-278 -188 0
-279 -189 0
-280 -190 0
-276 -216 0
-277 -217 0
-278 -218 0
-279 -219 0
-280 -220 0
-281 -36 0
-282 -37 0
-283 -38 0
-284 -39 0
-285 -40 0
-281 -66 0
-282 -67 0
-283 -68 0
-284 -69 0
-285 -70 0
-281 -126 0
-282 -127 0
-283 -128 0
-284 -129 0
-285 -130 0
-281 -146 0
-282 -147 0
-283 -148 0
-284 -149 0
-285 -150 0
-281 -176 0
-282 -177 0
-283 -178 0
-284 -179 0
-285 -180 0
-281 -211 0
-282 -212 0
-283 -213 0
-284 -214 0
-285 -215 0
-281 -246 0
-282 -247 0
-283 -248 0
-284 -249 0
-285 -250 0
-286 -36 0
-287 -37 0
-288 -38 0
-289 -39 0
-290 -40 0
-286 -81 0
-287 -82 0
-288 -83 0
-289 -84 0
-290 -85 0
-286 -241 0
-287 -242 0
-288 -243 0
-289 -244 0
-290 -245 0
-286 -256 0
-287 -257 0
-288 -258 0
-289 -259 0
-290 -260 0
-286 -271 0
-287 -272 0
-288 -273 0
-289 -274 0
-290 -275 0
-291 -76 0
-292 -77 0
-293 -78 0
-294 -79 0
-295 -80 0
-291 -181 0
-292 -182 0
-293 -183 0
-294 -184 0
-295 -185 0
-291 -206 0
-292 -207 0
-293 -208 0
-294 -209 0
-295 -210 0
-291 -251 0
-292 -252 0
-293 -253 0
-294 -254 0
-295 -255 0
-291 -281 0
-292 -282 0
-293 -283 0
-294 -284 0
-295 -285 0
-296 -276 0
-297 -277 0
-298 -278 0
-299 -279 0
-300 -280 0
-296 -281 0
-297 -282 0
-298 -283 0
-299 -284 0
-300 -285 0
-301 -41 0
-302 -42 0
-303 -43 0
-304 -44 0
-305 -45 0
-301 -66 0
-302 -67 0
-303 -68 0
-304 -69 0
-305 -70 0
-301 -81 0
-302 -82 0
-303 -83 0
-304 -84 0
-305 -85 0
-301 -151 0
-302 -152 0
-303 -153 0
-304 -154 0
-305 -155 0
-301 -176 0
-302 -177 0
-303 -178 0
-304 -179 0
-305 -180 0
-301 -231 0
-302 -232 0
-303 -233 0
-304 -234 0
-305 -235 0
-301 -256 0
-302 -257 0
-303 -258 0
-304 -259 0
-305 -260 0
-301 -286 0
-302 -287 0
-303 -288 0
-304 -289 0
-305 -290 0
-306 -11 0
-307 -12 0
-308 -13 0
-309 -14 0
-310 -15 0
-306 -36 0
-307 -37 0
-308 -38 0
-309 -39 0
-310 -40 0
-306 -46 0
-307 -47 0
-308 -48 0
-309 -49 0
-310 -50 0
-306 -76 0
-307 -77 0
-308 -78 0
-309 -79 0
-310 -80 0
-306 -116 0
-307 -117 0
-308 -118 0
-309 -119 0
-310 -120 0
-306 -156 0
-307 -157 0
-308 -158 0
-309 -159 0
-310 -160 0
-306 -181 0
-307 -182 0
-308 -183 0
-309 -184 0
-310 -185 0
-306 -221 0
-307 -222 0
-308 -223 0
-309 -224 0
-310 -225 0
-306 -261 0
-307 -262 0
-308 -263 0
-309 -264 0
-310 -265 0
-306 -266 0
-307 -267 0
-308 -268 0
-309 -269 0
-310 -270 0
-306 -271 0
-307 -272 0
-308 -273 0
-309 -274 0
-310 -275 0
-306 -276 0
-307 -277 0
-308 -278 0
-309 -279 0
-310 -280 0
-311 -11 0
-312 -12 0
-313 -13 0
-314 -14 0
-315 -15 0
-311 -51 0
-312 -52 0
-313 -53 0
-314 -54 0
-315 -55 0
-311 -116 0
-312 -117 0
-313 -118 0
-314 -119 0
-315 -120 0
-311 -141 0
-312 -142 0
-313 -143 0
-314 -144 0
-315 -145 0
-311 -146 0
-312 -147 0
-313 -148 0
-314 -149 0
-315 -150 0
-311 -161 0
-312 -162 0
-313 -163 0
-314 -164 0
-315 -165 0
-311 -171 0
-312 -172 0
-313 -173 0
-314 -174 0
-315 -175 0
-311 -186 0
-312 -187 0
-313 -188 0
-314 -189 0
-315 -190 0
-311 -191 0
-312 -192 0
-313 -193 0
-314 -194 0
-315 -195 0
-311 -251 0
-312 -252 0
-313 -253 0
-314 -254 0
-315 -255 0
-311 -256 0
-312 -257 0
-313 -258 0
-314 -259 0
-315 -260 0
-316 -141 0
-317 -142 0
-318 -143 0
-319 -144 0
-320 -145 0
-316 -206 0
-317 -207 0
-318 -208 0
-319 -209 0
-320 -210 0
-316 -221 0
-317 -222 0
-318 -223 0
-319 -224 0
-320 -225 0
-316 -271 0
-317 -272 0
-318 -273 0
-319 -274 0
-320 -275 0
-316 -281 0
-317 -282 0
-318 -283 0
-319 -284 0
-320 -285 0
-316 -286 0
-317 -287 0
-318 -288 0
-319 -289 0
-320 -290 0
-321 -21 0
-322 -22 0
-323 -23 0
-324 -24 0
-325 -25 0
-321 -36 0
-322 -37 0
-323 -38 0
-324 -39 0
-325 -40 0
-321 -101 0
-322 -102 0
-323 -103 0
-324 -104 0
-325 -105 0
-321 -126 0
-322 -127 0
-323 -128 0
-324 -129 0
-325 -130 0
-321 -176 0
-322 -177 0
-323 -178 0
-324 -179 0
-325 -180 0
-321 -181 0
-322 -182 0
-323 -183 0
-324 -184 0
-325 -185 0
-321 -236 0
-322 -237 0
-323 -238 0
-324 -239 0
-325 -240 0
-321 -286 0
-322 -287 0
-323 -288 0
-324 -289 0
-325 -290 0
-326 -41 0
-327 -42 0
-328 -43 0
-329 -44 0
-330 -45 0
-326 -66 0
-327 -67 0
-328 -68 0
-329 -69 0
-330 -70 0
-326 -71 0
-327 -72 0
-328 -73 0
-329 -74 0
-330 -75 0
-326 -86 0
-327 -87 0
-328 -88 0
-329 -89 0
-330 -90 0
-326 -91 0
-327 -92 0
-328 -93 0
-329 -94 0
-330 -95 0
-326 -136 0
-327 -137 0
-328 -138 0
-329 -139 0
-330 -140 0
-326 -181 0
-327 -182 0
-328 -183 0
-329 -184 0
-330 -185 0
-326 -306 0
-327 -307 0
-328 -308 0
-329 -309 0
-330 -310 0
-326 -316 0
-327 -317 0
-328 -318 0
-329 -319 0
-330 -320 0
-331 -26 0
-332 -27 0
-333 -28 0
-334 -29 0
-335 -30 0
-331 -46 0
-332 -47 0
-333 -48 0
-334 -49 0
-335 -50 0
-331 -51 0
-332 -52 0
-333 -53 0
-334 -54 0
-335 -55 0
-331 -106 0
-332 -107 0
-333 -108 0
-334 -109 0
-335 -110 0
-331 -151 0
-332 -152 0
-333 -153 0
-334 -154 0
-335 -155 0
-331 -171 0
-332 -172 0
-333 -173 0
-334 -174 0
-335 -175 0
-331 -181 0
-332 -182 0
-333 -183 0
-334 -184 0
-335 -185 0
-331 -221 0
-332 -222 0
-333 -223 0
-334 -224 0
-335 -225 0
-331 -231 0
-332 -232 0
-333 -233 0
-334 -234 0
-335 -235 0
-336 -106 0
-337 -107 0
-338 -108 0
-339 -109 0
-340 -110 0
-336 -171 0
-337 -172 0
-338 -173 0
-339 -174 0
-340 -175 0
-336 -211 0
-337 -212 0
-338 -213 0
-339 -214 0
-340 -215 0
-336 -261 0
-337 -262 0
-338 -263 0
-339 -264 0
-340 -265 0
-341 -16 0
-342 -17 0
-343 -18 0
-344 -19 0
-345 -20 0
-341 -26 0
-342 -27 0
-343 -28 0
-344 -29 0
-345 -30 0
-341 -71 0
-342 -72 0
-343 -73 0
-344 -74 0
-345 -75 0
-341 -121 0
-342 -122 0
-343 -123 0
-344 -124 0
-345 -125 0
-341 -141 0
-342 -142 0
-343 -143 0
-344 -144 0
-345 -145 0
-341 -291 0
-342 -292 0
-343 -293 0
-344 -294 0
-345 -295 0
-341 -311 0
-342 -312 0
-343 -313 0
-344 -314 0
-345 -315 0
-341 -321 0
-342 -322 0
-343 -323 0
-344 -324 0
-345 -325 0
-341 -331 0
-342 -332 0
-343 -333 0
-344 -334 0
-345 -335 0
-346 -131 0
-347 -132 0
-348 -133 0
-349 -134 0
-350 -135 0
-346 -136 0
-347 -137 0
-348 -138 0
-349 -139 0
-350 -140 0
-346 -151 0
-347 -152 0
-348 -153 0
-349 -154 0
-350 -155 0
-346 -156 0
-347 -157 0
-348 -158 0
-349 -159 0
-350 -160 0
-346 -166 0
-347 -167 0
-348 -168 0
-349 -169 0
-350 -170 0
-351 -51 0
-352 -52 0
-353 -53 0
-354 -54 0
-355 -55 0
-351 -111 0
-352 -112 0
-353 -113 0
-354 -114 0
-355 -115 0
-351 -196 0
-352 -197 0
-353 -198 0
-354 -199 0
-355 -200 0
-351 -276 0
-352 -277 0
-353 -278 0
-354 -279 0
-355 -280 0
-356 -16 0
-357 -17 0
-358 -18 0
-359 -19 0
-360 -20 0
-356 -56 0
-357 -57 0
-358 -58 0
-359 -59 0
-360 -60 0
-356 -126 0
-357 -127 0
-358 -128 0
-359 -129 0
-360 -130 0
-356 -191 0
-357 -192 0
-358 -193 0
-359 -194 0
-360 -195 0
-356 -196 0
-357 -197 0
-358 -198 0
-359 -199 0
-360 -200 0
-361 -31 0
-362 -32 0
-363 -33 0
-364 -34 0
-365 -35 0
-361 -41 0
-362 -42 0
-363 -43 0
-364 -44 0
-365 -45 0
-361 -56 0
-362 -57 0
-363 -58 0
-364 -59 0
-365 -60 0
-361 -116 0
-362 -117 0
-363 -118 0
-364 -119 0
-365 -120 0
-361 -236 0
-362 -237 0
-363 -238 0
-364 -239 0
-365 -240 0
-361 -246 0
-362 -247 0
-363 -248 0
-364 -249 0
-365 -250 0
-361 -251 0
-362 -252 0
-363 -253 0
-364 -254 0
-365 -255 0
-361 -356 0
-362 -357 0
-363 -358 0
-364 -359 0
-365 -360 0
-366 -101 0
-367 -102 0
-368 -103 0
-369 -104 0
-370 -105 0
-366 -121 0
-367 -122 0
-368 -123 0
-369 -124 0
-370 -125 0
-366 -136 0
-367 -137 0
-368 -138 0
-369 -139 0
-370 -140 0
-366 -151 0
-367 -152 0
-368 -153 0
-369 -154 0
-370 -155 0
-366 -191 0
-367 -192 0
-368 -193 0
-369 -194 0
-370 -195 0
-366 -291 0
-367 -292 0
-368 -293 0
-369 -294 0
-370 -295 0
-366 -326 0
-367 -327 0
-368 -328 0
-369 -329 0
-370 -330 0
-371 -26 0
-372 -27 0
-373 -28 0
-374 -29 0
-375 -30 0
-371 -86 0
-372 -87 0
-373 -88 0
-374 -89 0
-375 -90 0
-371 -306 0
-372 -307 0
-373 -308 0
-374 -309 0
-375 -310 0
-371 -321 0
-372 -322 0
-373 -323 0
-374 -324 0
-375 -325 0
-371 -326 0
-372 -327 0
-373 -328 0
-374 -329 0
-375 -330 0
-376 -66 0
-377 -67 0
-378 -68 0
-379 -69 0
-380 -70 0
-376 -116 0
-377 -117 0
-378 -118 0
-379 -119 0
-380 -120 0
-376 -146 0
-377 -147 0
-378 -148 0
-379 -149 0
-380 -150 0
-376 -156 0
-377 -157 0
-378 -158 0
-379 -159 0
-380 -160 0
-376 -171 0
-377 -172 0
-378 -173 0
-379 -174 0
-380 -175 0
-376 -196 0
-377 -197 0
-378 -198 0
-379 -199 0
-380 -200 0
-381 -21 0
-382 -22 0
-383 -23 0
-384 -24 0
-385 -25 0
-381 -31 0
-382 -32 0
-383 -33 0
-384 -34 0
-385 -35 0
-381 -41 0
-382 -42 0
-383 -43 0
-384 -44 0
-385 -45 0
-381 -51 0
-382 -52 0
-383 -53 0
-384 -54 0
-385 -55 0
-381 -181 0
-382 -182 0
-383 -183 0
-384 -184 0
-385 -185 0
-381 -271 0
-382 -272 0
-383 -273 0
-384 -274 0
-385 -275 0
-381 -286 0
-382 -287 0
-383 -288 0
-384 -289 0
-385 -290 0
-381 -296 0
-382 -297 0
-383 -298 0
-384 -299 0
-385 -300 0
-381 -301 0
-382 -302 0
-383 -303 0
-384 -304 0
-385 -305 0
-381 -316 0
-382 -317 0
-383 -318 0
-384 -319 0
-385 -320 0
-381 -341 0
-382 -342 0
-383 -343 0
-384 -344 0
-385 -345 0
-386 -76 0
-387 -77 0
-388 -78 0
-389 -79 0
-390 -80 0
-386 -211 0
-387 -212 0
-388 -213 0
-389 -214 0
-390 -215 0
-386 -241 0
-387 -242 0
-388 -243 0
-389 -244 0
-390 -245 0
-386 -341 0
-387 -342 0
-388 -343 0
-389 -344 0
-390 -345 0
-386 -356 0
-387 -357 0
-388 -358 0
-389 -359 0
-390 -360 0
-391 -1 0
-392 -2 0
-393 -3 0
-394 -4 0
-395 -5 0
-391 -6 0
-392 -7 0
-393 -8 0
-394 -9 0
-395 -10 0
-391 -66 0
-392 -67 0
-393 -68 0
-394 -69 0
-395 -70 0
-391 -191 0
-392 -192 0
-393 -193 0
-394 -194 0
-395 -195 0
-391 -341 0
-392 -342 0
-393 -343 0
-394 -344 0
-395 -345 0
-391 -366 0
-392 -367 0
-393 -368 0
-394 -369 0
-395 -370 0
-396 -1 0
-397 -2 0
-398 -3 0
-399 -4 0
-400 -5 0
-396 -66 0
-397 -67 0
-398 -68 0
-399 -69 0
-400 -70 0
-396 -201 0
-397 -202 0
-398 -203 0
-399 -204 0
-400 -205 0
-396 -256 0
-397 -257 0
-398 -258 0
-399 -259 0
-400 -260 0
-396 -336 0
-397 -337 0
-398 -338 0
-399 -339 0
-400 -340 0
-396 -376 0
-397 -377 0
-398 -378 0
-399 -379 0
-400 -380 0
-401 -46 0
-402 -47 0
-403 -48 0
-404 -49 0
-405 -50 0
-401 -96 0
-402 -97 0
-403 -98 0
-404 -99 0
-405 -100 0
-401 -136 0
-402 -137 0
-403 -138 0
-404 -139 0
-405 -140 0
-406 -21 0
-407 -22 0
-408 -23 0
-409 -24 0
-410 -25 0
-406 -26 0
-407 -27 0
-408 -28 0
-409 -29 0
-410 -30 0
-406 -106 0
-407 -107 0
-408 -108 0
-409 -109 0
-410 -110 0
-406 -126 0
-407 -127 0
-408 -128 0
-409 -129 0
-410 -130 0
-406 -181 0
-407 -182 0
-408 -183 0
-409 -184 0
-410 -185 0
-406 -196 0
-407 -197 0
-408 -198 0
-409 -199 0
-410 -200 0
-406 -251 0
-407 -252 0
-408 -253 0
-409 -254 0
-410 -255 0
-406 -286 0
-407 -287 0
-408 -288 0
-409 -289 0
-410 -290 0
-406 -366 0
-407 -367 0
-408 -368 0
-409 -369 0
-410 -370 0
-406 -386 0
-407 -387 0
-408 -388 0
-409 -389 0
-410 -390 0
-406 -396 0
-407 -397 0
-408 -398 0
-409 -399 0
-410 -400 0
-406 -401 0
-407 -402 0
-408 -403 0
-409 -404 0
-410 -405 0
-411 -61 0
-412 -62 0
-413 -63 0
-414 -64 0
-415 -65 0
-411 -221 0
-412 -222 0
-413 -223 0
-414 -224 0
-415 -225 0
-411 -246 0
-412 -247 0
-413 -248 0
-414 -249 0
-415 -250 0
-411 -266 0
-412 -267 0
-413 -268 0
-414 -269 0
-415 -270 0
-411 -341 0
-412 -342 0
-413 -343 0
-414 -344 0
-415 -345 0
-411 -376 0
-412 -377 0
-413 -378 0
-414 -379 0
-415 -380 0
-416 -21 0
-417 -22 0
-418 -23 0
-419 -24 0
-420 -25 0
-416 -41 0
-417 -42 0
-418 -43 0
-419 -44 0
-420 -45 0
-416 -61 0
-417 -62 0
-418 -63 0
-419 -64 0
-420 -65 0
-416 -81 0
-417 -82 0
-418 -83 0
-419 -84 0
-420 -85 0
-416 -86 0
-417 -87 0
-418 -88 0
-419 -89 0
-420 -90 0
-416 -101 0
-417 -102 0
-418 -103 0
-419 -104 0
-420 -105 0
-416 -116 0
-417 -117 0
-418 -118 0
-419 -119 0
-420 -120 0
-416 -206 0
-417 -207 0
-418 -208 0
-419 -209 0
-420 -210 0
-416 -241 0
-417 -242 0
-418 -243 0
-419 -244 0
-420 -245 0
-416 -261 0
-417 -262 0
-418 -263 0
-419 -264 0
-420 -265 0
-416 -276 0
-417 -277 0
-418 -278 0
-419 -279 0
-420 -280 0
-416 -281 0
-417 -282 0
-418 -283 0
-419 -284 0
-420 -285 0
-416 -311 0
-417 -312 0
-418 -313 0
-419 -314 0
-420 -315 0
-416 -381 0
-417 -382 0
-418 -383 0
-419 -384 0
-420 -385 0
-416 -386 0
-417 -387 0
-418 -388 0
-419 -389 0
-420 -390 0
-421 -96 0
-422 -97 0
-423 -98 0
-424 -99 0
-425 -100 0
-421 -106 0
-422 -107 0
-423 -108 0
-424 -109 0
-425 -110 0
-421 -151 0
-422 -152 0
-423 -153 0
-424 -154 0
-425 -155 0
-421 -156 0
-422 -157 0
-423 -158 0
-424 -159 0
-425 -160 0
-421 -196 0
-422 -197 0
-423 -198 0
-424 -199 0
-425 -200 0
-421 -321 0
-422 -322 0
-423 -323 0
-424 -324 0
-425 -325 0
-421 -391 0
-422 -392 0
-423 -393 0
-424 -394 0
-425 -395 0
-426 -66 0
-427 -67 0
-428 -68 0
-429 -69 0
-430 -70 0
-426 -106 0
-427 -107 0
-428 -108 0
-429 -109 0
-430 -110 0
-426 -156 0
-427 -157 0
-428 -158 0
-429 -159 0
-430 -160 0
-426 -161 0
-427 -162 0
-428 -163 0
-429 -164 0
-430 -165 0
-426 -236 0
-427 -237 0
-428 -238 0
-429 -239 0
-430 -240 0
-426 -336 0
-427 -337 0
-428 -338 0
-429 -339 0
-430 -340 0
-426 -401 0
-427 -402 0
-428 -403 0
-429 -404 0
-430 -405 0
-426 -406 0
-427 -407 0
-428 -408 0
-429 -409 0
-430 -410 0
-431 -46 0
-432 -47 0
-433 -48 0
-434 -49 0
-435 -50 0
-431 -66 0
-432 -67 0
-433 -68 0
-434 -69 0
-435 -70 0
-431 -76 0
-432 -77 0
-433 -78 0
-434 -79 0
-435 -80 0
-431 -216 0
-432 -217 0
-433 -218 0
-434 -219 0
-435 -220 0
-431 -351 0
-432 -352 0
-433 -353 0
-434 -354 0
-435 -355 0
-431 -356 0
-432 -357 0
-433 -358 0
-434 -359 0
-435 -360 0
-431 -376 0
-432 -377 0
-433 -378 0
-434 -379 0
-435 -380 0
-436 -11 0
-437 -12 0
-438 -13 0
-439 -14 0
-440 -15 0
-436 -51 0
-437 -52 0
-438 -53 0
-439 -54 0
-440 -55 0
-436 -116 0
-437 -117 0
-438 -118 0
-439 -119 0
-440 -120 0
-436 -126 0
-437 -127 0
-438 -128 0
-439 -129 0
-440 -130 0
-436 -181 0
-437 -182 0
-438 -183 0
-439 -184 0
-440 -185 0
-436 -186 0
-437 -187 0
-438 -188 0
-439 -189 0
-440 -190 0
-436 -206 0
-437 -207 0
-438 -208 0
-439 -209 0
-440 -210 0
-441 -201 0
-442 -202 0
-443 -203 0
-444 -204 0
-445 -205 0
-441 -221 0
-442 -222 0
-443 -223 0
-444 -224 0
-445 -225 0
-441 -251 0
-442 -252 0
-443 -253 0
-444 -254 0
-445 -255 0
-441 -306 0
-442 -307 0
-443 -308 0
-444 -309 0
-445 -310 0
-441 -366 0
-442 -367 0
-443 -368 0
-444 -369 0
-445 -370 0
-441 -391 0
-442 -392 0
-443 -393 0
-444 -394 0
-445 -395 0
-441 -416 0
-442 -417 0
-443 -418 0
-444 -419 0
-445 -420 0
-446 -86 0
-447 -87 0
-448 -88 0
-449 -89 0
-450 -90 0
-446 -106 0
-447 -107 0
-448 -108 0
-449 -109 0
-450 -110 0
-446 -216 0
-447 -217 0
-448 -218 0
-449 -219 0
-450 -220 0
-446 -261 0
-447 -262 0
-448 -263 0
-449 -264 0
-450 -265 0
-446 -306 0
-447 -307 0
-448 -308 0
-449 -309 0
-450 -310 0
-446 -346 0
-447 -347 0
-448 -348 0
-449 -349 0
-450 -350 0
-451 -41 0
-452 -42 0
-453 -43 0
-454 -44 0
-455 -45 0
-451 -106 0
-452 -107 0
-453 -108 0
-454 -109 0
-455 -110 0
-451 -116 0
-452 -117 0
-453 -118 0
-454 -119 0
-455 -120 0
-451 -151 0
-452 -152 0
-453 -153 0
-454 -154 0
-455 -155 0
-451 -176 0
-452 -177 0
-453 -178 0
-454 -179 0
-455 -180 0
-451 -226 0
-452 -227 0
-453 -228 0
-454 -229 0
-455 -230 0
-451 -246 0
-452 -247 0
-453 -248 0
-454 -249 0
-455 -250 0
-451 -261 0
-452 -262 0
-453 -263 0
-454 -264 0
-455 -265 0
-451 -316 0
-452 -317 0
-453 -318 0
-454 -319 0
-455 -320 0
-451 -336 0
-452 -337 0
-453 -338 0
-454 -339 0
-455 -340 0
-451 -356 0
-452 -357 0
-453 -358 0
-454 -359 0
-455 -360 0
-451 -386 0
-452 -387 0
-453 -388 0
-454 -389 0
-455 -390 0
-451 -396 0
-452 -397 0
-453 -398 0
-454 -399 0
-455 -400 0
-451 -401 0
-452 -402 0
-453 -403 0
-454 -404 0
-455 -405 0
-451 -436 0
-452 -437 0
-453 -438 0
-454 -439 0
-455 -440 0
-456 -21 0
-457 -22 0
-458 -23 0
-459 -24 0
-460 -25 0
-456 -71 0
-457 -72 0
-458 -73 0
-459 -74 0
-460 -75 0
-456 -101 0
-457 -102 0
-458 -103 0
-459 -104 0
-460 -105 0
-456 -131 0
-457 -132 0
-458 -133 0
-459 -134 0
-460 -135 0
-456 -196 0
-457 -197 0
-458 -198 0
-459 -199 0
-460 -200 0
-456 -256 0
-457 -257 0
-458 -258 0
-459 -259 0
-460 -260 0
-456 -306 0
-457 -307 0
-458 -308 0
-459 -309 0
-460 -310 0
-456 -361 0
-457 -362 0
-458 -363 0
-459 -364 0
-460 -365 0
-456 -366 0
-457 -367 0
-458 -368 0
-459 -369 0
-460 -370 0
-456 -426 0
-457 -427 0
-458 -428 0
-459 -429 0
-460 -430 0
-461 -71 0
-462 -72 0
-463 -73 0
-464 -74 0
-465 -75 0
-461 -126 0
-462 -127 0
-463 -128 0
-464 -129 0
-465 -130 0
-461 -161 0
-462 -162 0
-463 -163 0
-464 -164 0
-465 -165 0
-461 -221 0
-462 -222 0
-463 -223 0
-464 -224 0
-465 -225 0
-461 -236 0
-462 -237 0
-463 -238 0
-464 -239 0
-465 -240 0
-461 -291 0
-462 -292 0
-463 -293 0
-464 -294 0
-465 -295 0
-461 -301 0
-462 -302 0
-463 -303 0
-464 -304 0
-465 -305 0
-461 -346 0
-462 -347 0
-463 -348 0
-464 -349 0
-465 -350 0
-461 -411 0
-462 -412 0
-463 -413 0
-464 -414 0
-465 -415 0
-461 -451 0
-462 -452 0
-463 -453 0
-464 -454 0
-465 -455 0
-466 -81 0
-467 -82 0
-468 -83 0
-469 -84 0
-470 -85 0
-466 -186 0
-467 -187 0
-468 -188 0
-469 -189 0
-470 -190 0
-466 -191 0
-467 -192 0
-468 -193 0
-469 -194 0
-470 -195 0
-466 -346 0
-467 -347 0
-468 -348 0
-469 -349 0
-470 -350 0
-466 -351 0
-467 -352 0
-468 -353 0
-469 -354 0
-470 -355 0
-466 -376 0
-467 -377 0
-468 -378 0
-469 -379 0
-470 -380 0
-466 -401 0
-467 -402 0
-468 -403 0
-469 -404 0
-470 -405 0
-466 -446 0
-467 -447 0
-468 -448 0
-469 -449 0
-470 -450 0
-471 -296 0
-472 -297 0
-473 -298 0
-474 -299 0
-475 -300 0
-471 -301 0
-472 -302 0
-473 -303 0
-474 -304 0
-475 -305 0
-471 -381 0
-472 -382 0
-473 -383 0
-474 -384 0
-475 -385 0
-471 -416 0
-472 -417 0
-473 -418 0
-474 -419 0
-475 -420 0
-471 -456 0
-472 -457 0
-473 -458 0
-474 -459 0
-475 -460 0
-471 -466 0
-472 -467 0
-473 -468 0
-474 -469 0
-475 -470 0
-476 -41 0
-477 -42 0
-478 -43 0
-479 -44 0
-480 -45 0
-476 -51 0
-477 -52 0
-478 -53 0
-479 -54 0
-480 -55 0
-476 -61 0
-477 -62 0
-478 -63 0
-479 -64 0
-480 -65 0
-476 -171 0
-477 -172 0
-478 -173 0
-479 -174 0
-480 -175 0
-476 -301 0
-477 -302 0
-478 -303 0
-479 -304 0
-480 -305 0
-476 -341 0
-477 -342 0
-478 -343 0
-479 -344 0
-480 -345 0
-476 -371 0
-477 -372 0
-478 -373 0
-479 -374 0
-480 -375 0
-476 -381 0
-477 -382 0
-478 -383 0
-479 -384 0
-480 -385 0
-476 -451 0
-477 -452 0
-478 -453 0
-479 -454 0
-480 -455 0
-481 -96 0
-482 -97 0
-483 -98 0
-484 -99 0
-485 -100 0
-481 -216 0
-482 -217 0
-483 -218 0
-484 -219 0
-485 -220 0
-481 -266 0
-482 -267 0
-483 -268 0
-484 -269 0
-485 -270 0
-481 -271 0
-482 -272 0
-483 -273 0
-484 -274 0
-485 -275 0
-481 -286 0
-482 -287 0
-483 -288 0
-484 -289 0
-485 -290 0
-481 -336 0
-482 -337 0
-483 -338 0
-484 -339 0
-485 -340 0
-481 -341 0
-482 -342 0
-483 -343 0
-484 -344 0
-485 -345 0
-481 -361 0
-482 -362 0
-483 -363 0
-484 -364 0
-485 -365 0
-481 -381 0
-482 -382 0
-483 -383 0
-484 -384 0
-485 -385 0
-481 -396 0
-482 -397 0
-483 -398 0
-484 -399 0
-485 -400 0
-481 -416 0
-482 -417 0
-483 -418 0
-484 -419 0
-485 -420 0
-481 -446 0
-482 -447 0
-483 -448 0
-484 -449 0
-485 -450 0
-481 -461 0
-482 -462 0
-483 -463 0
-484 -464 0
-485 -465 0
-481 -476 0
-482 -477 0
-483 -478 0
-484 -479 0
-485 -480 0
-486 -31 0
-487 -32 0
-488 -33 0
-489 -34 0
-490 -35 0
-486 -76 0
-487 -77 0
-488 -78 0
-489 -79 0
-490 -80 0
-486 -81 0
-487 -82 0
-488 -83 0
-489 -84 0
-490 -85 0
-486 -91 0
-487 -92 0
-488 -93 0
-489 -94 0
-490 -95 0
-486 -111 0
-487 -112 0
-488 -113 0
-489 -114 0
-490 -115 0
-486 -131 0
-487 -132 0
-488 -133 0
-489 -134 0
-490 -135 0
-486 -156 0
-487 -157 0
-488 -158 0
-489 -159 0
-490 -160 0
-486 -241 0
-487 -242 0
-488 -243 0
-489 -244 0
-490 -245 0
-486 -351 0
-487 -352 0
-488 -353 0
-489 -354 0
-490 -355 0
-486 -371 0
-487 -372 0
-488 -373 0
-489 -374 0
-490 -375 0
-486 -411 0
-487 -412 0
-488 -413 0
-489 -414 0
-490 -415 0
-486 -441 0
-487 -442 0
-488 -443 0
-489 -444 0
-490 -445 0
-491 -16 0
-492 -17 0
-493 -18 0
-494 -19 0
-495 -20 0
-491 -61 0
-492 -62 0
-493 -63 0
-494 -64 0
-495 -65 0
-491 -81 0
-492 -82 0
-493 -83 0
-494 -84 0
-495 -85 0
-491 -131 0
-492 -132 0
-493 -133 0
-494 -134 0
-495 -135 0
-491 -231 0
-492 -232 0
-493 -233 0
-494 -234 0
-495 -235 0
-491 -241 0
-492 -242 0
-493 -243 0
-494 -244 0
-495 -245 0
-491 -276 0
-492 -277 0
-493 -278 0
-494 -279 0
-495 -280 0
-491 -341 0
-492 -342 0
-493 -343 0
-494 -344 0
-495 -345 0
-491 -376 0
-492 -377 0
-493 -378 0
-494 -379 0
-495 -380 0
-491 -441 0
-492 -442 0
-493 -443 0
-494 -444 0
-495 -445 0
-496 -41 0
-497 -42 0
-498 -43 0
-499 -44 0
-500 -45 0
-496 -56 0
-497 -57 0
-498 -58 0
-499 -59 0
-500 -60 0
-496 -66 0
-497 -67 0
-498 -68 0
-499 -69 0
-500 -70 0
-496 -236 0
-497 -237 0
-498 -238 0
-499 -239 0
-500 -240 0
-496 -286 0
-497 -287 0
-498 -288 0
-499 -289 0
-500 -290 0
-496 -421 0
-497 -422 0
-498 -423 0
-499 -424 0
-500 -425 0
-501 -41 0
-502 -42 0
-503 -43 0
-504 -44 0
-505 -45 0
-501 -61 0
-502 -62 0
-503 -63 0
-504 -64 0
-505 -65 0
-501 -156 0
-502 -157 0
-503 -158 0
-504 -159 0
-505 -160 0
-501 -286 0
-502 -287 0
-503 -288 0
-504 -289 0
-505 -290 0
-501 -326 0
-502 -327 0
-503 -328 0
-504 -329 0
-505 -330 0
-501 -381 0
-502 -382 0
-503 -383 0
-504 -384 0
-505 -385 0
-501 -416 0
-502 -417 0
-503 -418 0
-504 -419 0
-505 -420 0
-501 -481 0
-502 -482 0
-503 -483 0
-504 -484 0
-505 -485 0
-506 -81 0
-507 -82 0
-508 -83 0
-509 -84 0
-510 -85 0
-506 -96 0
-507 -97 0
-508 -98 0
-509 -99 0
-510 -100 0
-506 -176 0
-507 -177 0
-508 -178 0
-509 -179 0
-510 -180 0
-506 -206 0
-507 -207 0
-508 -208 0
-509 -209 0
-510 -210 0
-506 -256 0
-507 -257 0
-508 -258 0
-509 -259 0
-510 -260 0
-506 -326 0
-507 -327 0
-508 -328 0
-509 -329 0
-510 -330 0
-506 -416 0
-507 -417 0
-508 -418 0
-509 -419 0
-510 -420 0
-506 -426 0
-507 -427 0
-508 -428 0
-509 -429 0
-510 -430 0
-511 -36 0
-512 -37 0
-513 -38 0
-514 -39 0
-515 -40 0
-511 -51 0
-512 -52 0
-513 -53 0
-514 -54 0
-515 -55 0
-511 -56 0
-512 -57 0
-513 -58 0
-514 -59 0
-515 -60 0
-511 -66 0
-512 -67 0
-513 -68 0
-514 -69 0
-515 -70 0
-511 -131 0
-512 -132 0
-513 -133 0
-514 -134 0
-515 -135 0
-511 -156 0
-512 -157 0
-513 -158 0
-514 -159 0
-515 -160 0
-511 -166 0
-512 -167 0
-513 -168 0
-514 -169 0
-515 -170 0
-511 -176 0
-512 -177 0
-513 -178 0
-514 -179 0
-515 -180 0
-511 -186 0
-512 -187 0
-513 -188 0
-514 -189 0
-515 -190 0
-511 -231 0
-512 -232 0
-513 -233 0
-514 -234 0
-515 -235 0
-511 -291 0
-512 -292 0
-513 -293 0
-514 -294 0
-515 -295 0
-511 -321 0
-512 -322 0
-513 -323 0
-514 -324 0
-515 -325 0
-511 -341 0
-512 -342 0
-513 -343 0
-514 -344 0
-515 -345 0
-516 -76 0
-517 -77 0
-518 -78 0
-519 -79 0
-520 -80 0
-516 -241 0
-517 -242 0
-518 -243 0
-519 -244 0
-520 -245 0
-516 -366 0
-517 -367 0
-518 -368 0
-519 -369 0
-520 -370 0
-516 -376 0
-517 -377 0
-518 -378 0
-519 -379 0
-520 -380 0
-516 -411 0
-517 -412 0
-518 -413 0
-519 -414 0
-520 -415 0
-516 -421 0
-517 -422 0
-518 -423 0
-519 -424 0
-520 -425 0
-516 -506 0
-517 -507 0
-518 -508 0
-519 -509 0
-520 -510 0
-521 -6 0
-522 -7 0
-523 -8 0
-524 -9 0
-525 -10 0
-521 -16 0
-522 -17 0
-523 -18 0
-524 -19 0
-525 -20 0
-521 -36 0
-522 -37 0
-523 -38 0
-524 -39 0
-525 -40 0
-521 -76 0
-522 -77 0
-523 -78 0
-524 -79 0
-525 -80 0
-521 -156 0
-522 -157 0
-523 -158 0
-524 -159 0
-525 -160 0
-521 -191 0
-522 -192 0
-523 -193 0
-524 -194 0
-525 -195 0
-521 -231 0
-522 -232 0
-523 -233 0
-524 -234 0
-525 -235 0
-521 -276 0
-522 -277 0
-523 -278 0
-524 -279 0
-525 -280 0
-521 -361 0
-522 -362 0
-523 -363 0
-524 -364 0
-525 -365 0
-521 -396 0
-522 -397 0
-523 -398 0
-524 -399 0
-525 -400 0
-521 -411 0
-522 -412 0
-523 -413 0
-524 -414 0
-525 -415 0
-521 -436 0
-522 -437 0
-523 -438 0
-524 -439 0
-525 -440 0
-521 -516 0
-522 -517 0
-523 -518 0
-524 -519 0
-525 -520 0
-526 -51 0
-527 -52 0
-528 -53 0
-529 -54 0
-530 -55 0
-526 -76 0
-527 -77 0
-528 -78 0
-529 -79 0
-530 -80 0
-526 -121 0
-527 -122 0
-528 -123 0
-529 -124 0
-530 -125 0
-526 -131 0
-527 -132 0
-528 -133 0
-529 -134 0
-530 -135 0
-526 -206 0
-527 -207 0
-528 -208 0
-529 -209 0
-530 -210 0
-526 -226 0
-527 -227 0
-528 -228 0
-529 -229 0
-530 -230 0
-526 -251 0
-527 -252 0
-528 -253 0
-529 -254 0
-530 -255 0
-526 -316 0
-527 -317 0
-528 -318 0
-529 -319 0
-530 -320 0
-526 -346 0
-527 -347 0
-528 -348 0
-529 -349 0
-530 -350 0
-526 -381 0
-527 -382 0
-528 -383 0
-529 -384 0
-530 -385 0
-526 -396 0
-527 -397 0
-528 -398 0
-529 -399 0
-530 -400 0
-526 -406 0
-527 -407 0
-528 -408 0
-529 -409 0
-530 -410 0
-526 -436 0
-527 -437 0
-528 -438 0
-529 -439 0
-530 -440 0
-526 -461 0
-527 -462 0
-528 -463 0
-529 -464 0
-530 -465 0
-526 -496 0
-527 -497 0
-528 -498 0
-529 -499 0
-530 -500 0
-531 -206 0
-532 -207 0
-533 -208 0
-534 -209 0
-535 -210 0
-531 -221 0
-532 -222 0
-533 -223 0
-534 -224 0
-535 -225 0
-531 -241 0
-532 -242 0
-533 -243 0
-534 -244 0
-535 -245 0
-531 -251 0
-532 -252 0
-533 -253 0
-534 -254 0
-535 -255 0
-531 -356 0
-532 -357 0
-533 -358 0
-534 -359 0
-535 -360 0
-531 -366 0
-532 -367 0
-533 -368 0
-534 -369 0
-535 -370 0
-531 -381 0
-532 -382 0
-533 -383 0
-534 -384 0
-535 -385 0
-531 -436 0
-532 -437 0
-533 -438 0
-534 -439 0
-535 -440 0
-536 -201 0
-537 -202 0
-538 -203 0
-539 -204 0
-540 -205 0
-536 -206 0
-537 -207 0
-538 -208 0
-539 -209 0
-540 -210 0
-536 -251 0
-537 -252 0
-538 -253 0
-539 -254 0
-540 -255 0
-536 -286 0
-537 -287 0
-538 -288 0
-539 -289 0
-540 -290 0
-536 -316 0
-537 -317 0
-538 -318 0
-539 -319 0
-540 -320 0
-536 -326 0
-537 -327 0
-538 -328 0
-539 -329 0
-540 -330 0
-536 -411 0
-537 -412 0
-538 -413 0
-539 -414 0
-540 -415 0
-541 -26 0
-542 -27 0
-543 -28 0
-544 -29 0
-545 -30 0
-541 -341 0
-542 -342 0
-543 -343 0
-544 -344 0
-545 -345 0
-541 -371 0
-542 -372 0
-543 -373 0
-544 -374 0
-545 -375 0
-546 -36 0
-547 -37 0
-548 -38 0
-549 -39 0
-550 -40 0
-546 -46 0
-547 -47 0
-548 -48 0
-549 -49 0
-550 -50 0
-546 -111 0
-547 -112 0
-548 -113 0
-549 -114 0
-550 -115 0
-546 -201 0
-547 -202 0
-548 -203 0
-549 -204 0
-550 -205 0
-546 -241 0
-547 -242 0
-548 -243 0
-549 -244 0
-550 -245 0
-546 -246 0
-547 -247 0
-548 -248 0
-549 -249 0
-550 -250 0
-546 -296 0
-547 -297 0
-548 -298 0
-549 -299 0
-550 -300 0
-546 -351 0
-547 -352 0
-548 -353 0
-549 -354 0
-550 -355 0
-546 -376 0
-547 -377 0
-548 -378 0
-549 -379 0
-550 -380 0
-546 -381 0
-547 -382 0
-548 -383 0
-549 -384 0
-550 -385 0
-546 -386 0
-547 -387 0
-548 -388 0
-549 -389 0
-550 -390 0
-546 -416 0
-547 -417 0
-548 -418 0
-549 -419 0
-550 -420 0
-546 -441 0
-547 -442 0
-548 -443 0
-549 -444 0
-550 -445 0
-546 -481 0
-547 -482 0
-548 -483 0
-549 -484 0
-550 -485 0
-546 -536 0
-547 -537 0
-548 -538 0
-549 -539 0
-550 -540 0
-551 -41 0
-552 -42 0
-553 -43 0
-554 -44 0
-555 -45 0
-551 -121 0
-552 -122 0
-553 -123 0
-554 -124 0
-555 -125 0
-551 -196 0
-552 -197 0
-553 -198 0
-554 -199 0
-555 -200 0
-551 -226 0
-552 -227 0
-553 -228 0
-554 -229 0
-555 -230 0
-551 -236 0
-552 -237 0
-553 -238 0
-554 -239 0
-555 -240 0
-551 -256 0
-552 -257 0
-553 -258 0
-554 -259 0
-555 -260 0
-551 -261 0
-552 -262 0
-553 -263 0
-554 -264 0
-555 -265 0
-551 -301 0
-552 -302 0
-553 -303 0
-554 -304 0
-555 -305 0
-551 -306 0
-552 -307 0
-553 -308 0
-554 -309 0
-555 -310 0
-551 -391 0
-552 -392 0
-553 -393 0
-554 -394 0
-555 -395 0
-551 -486 0
-552 -487 0
-553 -488 0
-554 -489 0
-555 -490 0
-556 -11 0
-557 -12 0
-558 -13 0
-559 -14 0
-560 -15 0
-556 -81 0
-557 -82 0
-558 -83 0
-559 -84 0
-560 -85 0
-556 -116 0
-557 -117 0
-558 -118 0
-559 -119 0
-560 -120 0
-556 -156 0
-557 -157 0
-558 -158 0
-559 -159 0
-560 -160 0
-556 -266 0
-557 -267 0
-558 -268 0
-559 -269 0
-560 -270 0
-556 -286 0
-557 -287 0
-558 -288 0
-559 -289 0
-560 -290 0
-556 -326 0
-557 -327 0
-558 -328 0
-559 -329 0
-560 -330 0
-556 -386 0
-557 -387 0
-558 -388 0
-559 -389 0
-560 -390 0
-561 -1 0
-562 -2 0
-563 -3 0
-564 -4 0
-565 -5 0
-561 -16 0
-562 -17 0
-563 -18 0
-564 -19 0
-565 -20 0
-561 -81 0
-562 -82 0
-563 -83 0
-564 -84 0
-565 -85 0
-561 -91 0
-562 -92 0
-563 -93 0
-564 -94 0
-565 -95 0
-561 -111 0
-562 -112 0
-563 -113 0
-564 -114 0
-565 -115 0
-561 -261 0
-562 -262 0
-563 -263 0
-564 -264 0
-565 -265 0
-561 -351 0
-562 -352 0
-563 -353 0
-564 -354 0
-565 -355 0
-561 -356 0
-562 -357 0
-563 -358 0
-564 -359 0
-565 -360 0
-561 -476 0
-562 -477 0
-563 -478 0
-564 -479 0
-565 -480 0
-561 -536 0
-562 -537 0
-563 -538 0
-564 -539 0
-565 -540 0
-561 -556 0
-562 -557 0
-563 -558 0
-564 -559 0
-565 -560 0
-566 -76 0
-567 -77 0
-568 -78 0
-569 -79 0
-570 -80 0
-566 -86 0
-567 -87 0
-568 -88 0
-569 -89 0
-570 -90 0
-566 -91 0
-567 -92 0
-568 -93 0
-569 -94 0
-570 -95 0
-566 -241 0
-567 -242 0
-568 -243 0
-569 -244 0
-570 -245 0
-566 -251 0
-567 -252 0
-568 -253 0
-569 -254 0
-570 -255 0
-566 -281 0
-567 -282 0
-568 -283 0
-569 -284 0
-570 -285 0
-566 -396 0
-567 -397 0
-568 -398 0
-569 -399 0
-570 -400 0
-566 -411 0
-567 -412 0
-568 -413 0
-569 -414 0
-570 -415 0
-566 -466 0
-567 -467 0
-568 -468 0
-569 -469 0
-570 -470 0
-566 -486 0
-567 -487 0
-568 -488 0
-569 -489 0
-570 -490 0
-571 -11 0
-572 -12 0
-573 -13 0
-574 -14 0
-575 -15 0
-571 -111 0
-572 -112 0
-573 -113 0
-574 -114 0
-575 -115 0
-571 -151 0
-572 -152 0
-573 -153 0
-574 -154 0
-575 -155 0
-571 -231 0
-572 -232 0
-573 -233 0
-574 -234 0
-575 -235 0
-571 -261 0
-572 -262 0
-573 -263 0
-574 -264 0
-575 -265 0
-571 -316 0
-572 -317 0
-573 -318 0
-574 -319 0
-575 -320 0
-571 -386 0
-572 -387 0
-573 -388 0
-574 -389 0
-575 -390 0
-571 -441 0
-572 -442 0
-573 -443 0
-574 -444 0
-575 -445 0
-571 -456 0
-572 -457 0
-573 -458 0
-574 -459 0
-575 -460 0
-571 -461 0
-572 -462 0
-573 -463 0
-574 -464 0
-575 -465 0
-571 -496 0
-572 -497 0
-573 -498 0
-574 -499 0
-575 -500 0
-571 -511 0
-572 -512 0
-573 -513 0
-574 -514 0
-575 -515 0
-571 -541 0
-572 -542 0
-573 -543 0
-574 -544 0
-575 -545 0
-571 -546 0
-572 -547 0
-573 -548 0
-574 -549 0
-575 -550 0
-571 -566 0
-572 -567 0
-573 -568 0
-574 -569 0
-575 -570 0
-576 -11 0
-577 -12 0
-578 -13 0
-579 -14 0
-580 -15 0
-576 -61 0
-577 -62 0
-578 -63 0
-579 -64 0
-580 -65 0
-576 -71 0
-577 -72 0
-578 -73 0
-579 -74 0
-580 -75 0
-576 -126 0
-577 -127 0
-578 -128 0
-579 -129 0
-580 -130 0
-576 -131 0
-577 -132 0
-578 -133 0
-579 -134 0
-580 -135 0
-576 -186 0
-577 -187 0
-578 -188 0
-579 -189 0
-580 -190 0
-576 -331 0
-577 -332 0
-578 -333 0
-579 -334 0
-580 -335 0
-576 -336 0
-577 -337 0
-578 -338 0
-579 -339 0
-580 -340 0
-576 -416 0
-577 -417 0
-578 -418 0
-579 -419 0
-580 -420 0
-576 -531 0
-577 -532 0
-578 -533 0
-579 -534 0
-580 -535 0
-581 -126 0
-582 -127 0
-583 -128 0
-584 -129 0
-585 -130 0
-581 -171 0
-582 -172 0
-583 -173 0
-584 -174 0
-585 -175 0
-581 -246 0
-582 -247 0
-583 -248 0
-584 -249 0
-585 -250 0
-581 -251 0
-582 -252 0
-583 -253 0
-584 -254 0
-585 -255 0
-581 -396 0
-582 -397 0
-583 -398 0
-584 -399 0
-585 -400 0
-581 -406 0
-582 -407 0
-583 -408 0
-584 -409 0
-585 -410 0
-581 -476 0
-582 -477 0
-583 -478 0
-584 -479 0
-585 -480 0
-581 -511 0
-582 -512 0
-583 -513 0
-584 -514 0
-585 -515 0
-586 -21 0
-587 -22 0
-588 -23 0
-589 -24 0
-590 -25 0
-586 -46 0
-587 -47 0
-588 -48 0
-589 -49 0
-590 -50 0
-586 -141 0
-587 -142 0
-588 -143 0
-589 -144 0
-590 -145 0
-586 -256 0
-587 -257 0
-588 -258 0
-589 -259 0
-590 -260 0
-586 -266 0
-587 -267 0
-588 -268 0
-589 -269 0
-590 -270 0
-586 -276 0
-587 -277 0
-588 -278 0
-589 -279 0
-590 -280 0
-586 -346 0
-587 -347 0
-588 -348 0
-589 -349 0
-590 -350 0
-586 -461 0
-587 -462 0
-588 -463 0
-589 -464 0
-590 -465 0
-586 -541 0
-587 -542 0
-588 -543 0
-589 -544 0
-590 -545 0
-586 -546 0
-587 -547 0
-588 -548 0
-589 -549 0
-590 -550 0
-586 -571 0
-587 -572 0
-588 -573 0
-589 -574 0
-590 -575 0
-591 -61 0
-592 -62 0
-593 -63 0
-594 -64 0
-595 -65 0
-591 -151 0
-592 -152 0
-593 -153 0
-594 -154 0
-595 -155 0
-591 -196 0
-592 -197 0
-593 -198 0
-594 -199 0
-595 -200 0
-591 -271 0
-592 -272 0
-593 -273 0
-594 -274 0
-595 -275 0
-591 -286 0
-592 -287 0
-593 -288 0
-594 -289 0
-595 -290 0
-591 -316 0
-592 -317 0
-593 -318 0
-594 -319 0
-595 -320 0
-591 -336 0
-592 -337 0
-593 -338 0
-594 -339 0
-595 -340 0
-591 -351 0
-592 -352 0
-593 -353 0
-594 -354 0
-595 -355 0
-591 -536 0
-592 -537 0
-593 -538 0
-594 -539 0
-595 -540 0
-591 -566 0
-592 -567 0
-593 -568 0
-594 -569 0
-595 -570 0
-591 -576 0
-592 -577 0
-593 -578 0
-594 -579 0
-595 -580 0
-591 -581 0
-592 -582 0
-593 -583 0
-594 -584 0
-595 -585 0
-591 -586 0
-592 -587 0
-593 -588 0
-594 -589 0
-595 -590 0
-596 -1 0
-597 -2 0
-598 -3 0
-599 -4 0
-600 -5 0
-596 -26 0
-597 -27 0
-598 -28 0
-599 -29 0
-600 -30 0
-596 -106 0
-597 -107 0
-598 -108 0
-599 -109 0
-600 -110 0
-596 -116 0
-597 -117 0
-598 -118 0
-599 -119 0
-600 -120 0
-596 -131 0
-597 -132 0
-598 -133 0
-599 -134 0
-600 -135 0
-596 -216 0
-597 -217 0
-598 -218 0
-599 -219 0
-600 -220 0
-596 -231 0
-597 -232 0
-598 -233 0
-599 -234 0
-600 -235 0
-596 -451 0
-597 -452 0
-598 -453 0
-599 -454 0
-600 -455 0
-596 -491 0
-597 -492 0
-598 -493 0
-599 -494 0
-600 -495 0
-601 -21 0
-602 -22 0
-603 -23 0
-604 -24 0
-605 -25 0
-601 -51 0
-602 -52 0
-603 -53 0
-604 -54 0
-605 -55 0
-601 -161 0
-602 -162 0
-603 -163 0
-604 -164 0
-605 -165 0
-601 -256 0
-602 -257 0
-603 -258 0
-604 -259 0
-605 -260 0
-601 -316 0
-602 -317 0
-603 -318 0
-604 -319 0
-605 -320 0
-601 -461 0
-602 -462 0
-603 -463 0
-604 -464 0
-605 -465 0
-601 -561 0
-602 -562 0
-603 -563 0
-604 -564 0
-605 -565 0
-601 -586 0
-602 -587 0
-603 -588 0
-604 -589 0
-605 -590 0
-606 -51 0
-607 -52 0
-608 -53 0
-609 -54 0
-610 -55 0
-606 -81 0
-607 -82 0
-608 -83 0
-609 -84 0
-610 -85 0
-606 -201 0
-607 -202 0
-608 -203 0
-609 -204 0
-610 -205 0
-606 -206 0
-607 -207 0
-608 -208 0
-609 -209 0
-610 -210 0
-606 -216 0
-607 -217 0
-608 -218 0
-609 -219 0
-610 -220 0
-606 -221 0
-607 -222 0
-608 -223 0
-609 -224 0
-610 -225 0
-606 -251 0
-607 -252 0
-608 -253 0
-609 -254 0
-610 -255 0
-606 -261 0
-607 -262 0
-608 -263 0
-609 -264 0
-610 -265 0
-606 -291 0
-607 -292 0
-608 -293 0
-609 -294 0
-610 -295 0
-606 -326 0
-607 -327 0
-608 -328 0
-609 -329 0
-610 -330 0
-606 -416 0
-607 -417 0
-608 -418 0
-609 -419 0
-610 -420 0
-606 -441 0
-607 -442 0
-608 -443 0
-609 -444 0
-610 -445 0
-606 -476 0
-607 -477 0
-608 -478 0
-609 -479 0
-610 -480 0
-606 -501 0
-607 -502 0
-608 -503 0
-609 -504 0
-610 -505 0
-606 -516 0
-607 -517 0
-608 -518 0
-609 -519 0
-610 -520 0
-606 -531 0
-607 -532 0
-608 -533 0
-609 -534 0
-610 -535 0
-606 -536 0
-607 -537 0
-608 -538 0
-609 -539 0
-610 -540 0
-611 -1 0
-612 -2 0
-613 -3 0
-614 -4 0
-615 -5 0
-611 -26 0
-612 -27 0
-613 -28 0
-614 -29 0
-615 -30 0
-611 -86 0
-612 -87 0
-613 -88 0
-614 -89 0
-615 -90 0
-611 -111 0
-612 -112 0
-613 -113 0
-614 -114 0
-615 -115 0
-611 -311 0
-612 -312 0
-613 -313 0
-614 -314 0
-615 -315 0
-611 -401 0
-612 -402 0
-613 -403 0
-614 -404 0
-615 -405 0
-611 -411 0
-612 -412 0
-613 -413 0
-614 -414 0
-615 -415 0
-611 -436 0
-612 -437 0
-613 -438 0
-614 -439 0
-615 -440 0
-611 -456 0
-612 -457 0
-613 -458 0
-614 -459 0
-615 -460 0
-611 -461 0
-612 -462 0
-613 -463 0
-614 -464 0
-615 -465 0
-611 -576 0
-612 -577 0
-613 -578 0
-614 -579 0
-615 -580 0
-616 -96 0
-617 -97 0
-618 -98 0
-619 -99 0
-620 -100 0
-616 -131 0
-617 -132 0
-618 -133 0
-619 -134 0
-620 -135 0
-616 -161 0
-617 -162 0
-618 -163 0
-619 -164 0
-620 -165 0
-616 -196 0
-617 -197 0
-618 -198 0
-619 -199 0
-620 -200 0
-616 -231 0
-617 -232 0
-618 -233 0
-619 -234 0
-620 -235 0
-616 -271 0
-617 -272 0
-618 -273 0
-619 -274 0
-620 -275 0
-616 -311 0
-617 -312 0
-618 -313 0
-619 -314 0
-620 -315 0
-616 -356 0
-617 -357 0
-618 -358 0
-619 -359 0
-620 -360 0
-616 -506 0
-617 -507 0
-618 -508 0
-619 -509 0
-620 -510 0
-616 -521 0
-617 -522 0
-618 -523 0
-619 -524 0
-620 -525 0
-616 -546 0
-617 -547 0
-618 -548 0
-619 -549 0
-620 -550 0
-616 -581 0
-617 -582 0
-618 -583 0
-619 -584 0
-620 -585 0
-616 -606 0
-617 -607 0
-618 -608 0
-619 -609 0
-620 -610 0
-621 -166 0
-622 -167 0
-623 -168 0
-624 -169 0
-625 -170 0
-621 -241 0
-622 -242 0
-623 -243 0
-624 -244 0
-625 -245 0
-621 -296 0
-622 -297 0
-623 -298 0
-624 -299 0
-625 -300 0
-621 -306 0
-622 -307 0
-623 -308 0
-624 -309 0
-625 -310 0
-621 -396 0
-622 -397 0
-623 -398 0
-624 -399 0
-625 -400 0
-621 -421 0
-622 -422 0
-623 -423 0
-624 -424 0
-625 -425 0
-621 -491 0
-622 -492 0
-623 -493 0
-624 -494 0
-625 -495 0
-621 -521 0
-622 -522 0
-623 -523 0
-624 -524 0
-625 -525 0
-621 -546 0
-622 -547 0
-623 -548 0
-624 -549 0
-625 -550 0
